0.00469948133218374
0.00393012160903777
0.00468499270501252
0.00442741420205409
0.00470695502249269
0.00457042408597237
0.00421980556968102
0.00414780837384393
0.00484546884026994
0.0048028598494703
0.00453252528439164
0.00450497201866957
0.00476554031866817
0.00441110496856442
0.00421297770183289
0.00436929954950042
0.00410328254937965
0.00456319533039163
0.0046498708137046
0.00406523130558622
0.0045728676518996
0.00393598157731782
0.0047467509774424
0.00414051394715643
0.0047164962936649
0.00361271741863697
0.00416033492447818
0.00494257801799435
0.00495717208765867
0.00436553222828716
0.00416401335648967
0.00438948649746271
0.00450936051809148
0.00445050616367444
0.00461245048128112
0.00437040920497719
0.00466862244901958
0.00476494237957905
0.00441241100471762
0.00440745584277852
0.00471190371356942
0.00464966025259361
0.00419258914365296
0.00435946019685279
0.00408041661671312
0.00409184361721399
0.00475216135906579
0.00461258180543452
0.00420570033962935
0.00415243063644895
0.00468194589367035
0.00450414340481319
0.00427709901762895
0.00491170968511528
0.00489294645100542
0.00461494746342923
0.0043557171247951
0.0045047588030452
0.00473966719485991
0.00487410748058766
0.00447995583625536
0.00431168470646127
0.00469799397249581
0.00466169281375837
0.00429744214523912
0.00428825913479671
0.00395762621701237
0.00441689897324863
0.0047869201605563
0.00400358947714907
0.00445215592507812
0.00475755647341947
0.00423205879522648
0.0043382114407145
0.00410942215057404
0.00449346427307849
0.00430142837309223
0.00445933571612015
0.00486143157035308
0.00425549304297529
0.00453772190756637
0.00432303993768078
0.00491211960811612
0.00435517088745705
0.00457471093896013
0.00469573891700062
0.0045526094023704
0.00496665399906773
0.00368755531900877
0.00463242073941237
0.00441711499414306
0.00453890017065603
0.0049555511400921
0.00480626419437557
0.00458863576117799
0.00462119166810858
0.00443498446862093
0.00446625541628731
0.00472491243934983
0.00483751425784568
0.00506643846569336
0.00399755810899423
0.00472011805246896
0.0046986385970812
0.00407884191469191
0.00430332909460179
0.00458803605894276
0.00443235445673786
0.00469213187440943
0.0047043081307205
0.00475665929682277
0.0045364101657254
0.00474337131965178
0.00440248936463944
0.00472930559648578
0.00434735009414696
0.00410500735100196
0.00460019545823906
0.00400074327554169
0.00478203166145706
0.00451845336541671
0.00425745099903199
0.00466164753541377
0.00436687310595351
0.00431831874387495
0.00451659919192974
0.00449812508853904
0.00505978248987608
0.00450576735650795
0.00434804092451292
0.00433034701806545
0.00406857201677478
0.00473678438474982
0.00444019967642863
0.00408919115161899
0.00426368045652756
0.00407125314867044
0.00461500293777319
0.00460129064386822
0.00446567055983836
0.00456095865526801
0.00416834015745553
0.0046196387585397
0.00468274552892007
0.00482864761847605
0.00451208467739145
0.00436359785920814
0.00393090615442956
0.00478936447294241
0.00480140026103973
0.00428339044771057
0.00482629797150614
0.00500901127405976
0.00356488813526572
0.00449734418678299
0.00442168696021538
0.00427693152431419
0.0045817276099716
0.00430746759148983
0.00439459050207937
0.00451676950109724
0.00452997144601707
0.00472147907243939
0.00429734308349638
0.00464412507962181
0.00484564972295253
0.00448224345287777
0.0048029305936204
0.00432473453166813
0.00480354690811084
0.0042315843221233
0.00454988739838699
0.00393138367640352
0.00481941279151865
0.0041109925696351
0.00463622761301963
0.00425425035145794
0.00474210707551504
0.00477265889610943
0.00432869276106148
0.00432634957122839
0.00463440589245875
0.00487637890531132
0.00457919647021353
0.00451193331368245
0.00477146346383297
0.00408058561927608
0.00423577287225224
0.00461922097284369
0.00487028064469003
0.00457688303684262
0.00447909943365014
0.00375975886368166
0.0043087435270054
0.00440305141068198
0.00423868701011596
0.00466601394853295
0.0048322025915295
0.00430339878636475
0.00419377671312323
0.00460708864563468
0.00425531824509373
0.0040968701524083
0.00471923787509998
0.00436698088453275
0.00462741619960249
0.00420655036710775
0.00438108555373104
0.00446314663259731
0.00413347985362325
0.00438381695182216
0.00457263922723373
0.00443143733629864
0.00459807331340885
0.00440678950413493
0.00357405302070265
0.00418804130997331
0.00470943578617004
0.00462799422159619
0.00451929307536562
0.00432066056004483
0.0049067818392786
0.00463884208702442
0.00477669625648502
0.00484444678072116
0.00449865660020165
0.00382632404105942
0.00415570745779079
0.00456572768883099
0.00466043462493036
0.00360896223544828
0.00396869644498263
0.00443613290976471
0.00437189128454876
0.0041664471130357
0.00445186666137486
0.00432921952971422
0.00440524925811877
0.00421669462242598
0.00498999510726774
0.00453294196525856
0.00414104159778834
0.00429377112702294
0.00461602759505442
0.00470162135248014
0.00475475649867261
0.00463181245970293
0.00451315264769816
0.00414627930337646
0.00472545611618044
0.00476056979918368
0.00461746673163384
0.0046987510467586
0.00447802288445546
0.00447515812507226
0.00429879612977603
0.00464386193983843
0.00456168540297625
0.00376218915981877
0.00469207459568835
0.00440736217656548
0.00425288720464939
0.00502221674850954
0.0039907972718228
0.00451876239535517
0.00480089087421657
0.00440447266358044
0.00467780330420248
0.00458113688397162
0.0043323499229052
0.00499165292789306
0.00424555334801676
0.00420409833948766
0.00458784055263211
0.00488708994813378
0.00413621896184639
0.00444248578011376
0.00493459904460351
0.00453191081189424
0.00476322030280294
0.00467740593292586
0.0042915954777217
0.00454364627091274
0.00466763527040425
0.00476514183920963
0.00479474252650148
0.00473871568332441
0.00460448126455439
0.00460130691087001
0.00451822473309772
0.00492825915853131
0.00344793099338762
0.00412093009690753
0.00429280758078443
0.00473103282619743
0.00437964133426454
0.0046883111234114
0.00437855800650989
0.00490374346048797
0.00470011648003593
0.00402504021505063
0.00462551091859023
0.00425335811545806
0.0047756772110373
0.00479041918221277
0.00475433526635429
0.00472374044515987
0.00460042678071134
0.00452382336736019
0.00462432348326439
0.00476682279690751
0.00474925027757552
0.00476367102195672
0.00492516727213979
0.00510395238923441
0.00474323849181886
0.00391785711622037
0.00448622178563212
0.00429951657734076
0.00448108556547221
0.00409687643654071
0.00352556131783258
0.00435274211103644
0.00446888961962626
0.00436002163395692
0.00474297178740746
0.00457871643305179
0.00493386395062946
0.00458956281916066
0.00459930593995695
0.00416645337926514
0.00481341288969722
0.0046842199318323
0.00433926368241066
0.00454528290089099
0.0047312618458915
0.00485785651462443
0.00450736507839854
0.00465953180504391
0.004597277969329
0.00460475285810947
0.00424798313100113
0.00458032696352615
0.00460127587854635
0.00462523912662078
0.00495647630178626
0.00460834420319756
0.00439163532139487
0.00482519499038556
0.00454045325034192
0.00449305668640581
0.0051875817906273
0.00427793782026896
0.00477227749617987
0.00388477971357684
0.00477449351463461
0.00432809499277997
0.00403123466620049
0.00467234093870008
0.00451693019958024
0.00459176070348505
0.00461440148495204
0.00461457617970816
0.00393780711370492
0.00450803107858151
0.00431088373138269
0.00463182475397961
0.0044753566624357
0.00465909462983756
0.00455882901734945
0.00425335811545807
0.00427559108813716
0.00491723878695523
0.00449816775088451
0.00482424038216288
0.00415159927140434
0.00433616663679753
0.00435699073207197
0.00443162662974666
0.00393354389016074
0.00467687333807959
0.00390079903143945
0.00432833760847965
0.00480479810424567
0.00465928053114258
0.00427831438247424
0.00440775865842935
0.00437249433078942
0.00417646568203959
0.00413232540396376
0.00446115665519195
0.00439741596087365
0.00469493720765028
0.00450317328412254
0.00481501076511486
0.00424218670495605
0.00448629343235334
0.00434523457061217
0.00422431511295183
0.00486565073645703
0.00457806432743491
0.00445941401761213
0.00413838344409352
0.00467530537246783
0.00441513588045475
0.00433184942877156
0.00457749745961602
0.00509281740736441
0.00409309390149447
0.00445288522287482
0.00439643104384527
0.00455836571019413
0.00481332284760715
0.00376667636721567
0.00398378487849093
0.00469784350866535
0.00488413172536912
0.00476435297658483
0.00436053058312494
0.00442181675898171
0.00464007950987845
0.00454302270000995
0.00462293294452115
0.00491009884005426
0.00434509030746533
0.00484926631295335
0.00337600945149398
0.00416683891268708
0.00374669259100894
0.00465882100894721
0.00457926239595364
0.00480061209472125
0.00461500252571944
0.00461481738182007
0.00447323656685658
0.00438403467698383
0.00439196367097022
0.00439302430370246
0.00495934415503957
0.00461352804278802
0.00435158853607338
0.00428496723381068
0.00435025533253186
0.00477044595922486
0.00455842863553074
0.00477023493477326
0.00417314054741037
0.00452168237705289
0.00468116140057541
0.00449389405938447
0.00478145433821987
0.00462296145086896
0.00438287774442974
0.00400435922524465
0.00432436576254833
0.00448560240597006
0.00453842065367526
0.00441020858270463
0.00447654362860782
0.00383566708441501
0.00488161029163954
0.00451072771822222
0.0045050700982572
0.00488209390635116
0.00449030505431761
0.00436136259037424
0.00483401054012833
0.00486262969001304
0.00439760320124008
0.00394747059867795
0.00475239177166108
0.00444318698335678
0.00486815613314198
0.00433582184071721
0.0042654014698004
0.00468320199568999
0.00442930364579701
0.00456946314524515
0.00473239620649945
0.00481809137424553
0.00448774483652937
0.00447050850687821
0.0045629657212919
0.0047608131628593
0.00458086627552916
0.00413820436269392
0.00500877046510808
0.00437116587880152
0.00463374890154512
0.00447882757816633
0.00483949530654189
0.00460104568727973
0.00444492092405267
0.00435106454996842
0.00361593041537715
0.00440524184420725
0.0044198015958806
0.00411717316609687
0.00486354663152868
0.00495024800438688
