6605
7692
6648
6951
6561
6724
7246
7354
6457
6491
6825
6843
6529
6994
7281
7064
7399
6771
6656
7473
6773
7690
6587
7355
6546
8244
7333
6353
6321
7004
7306
7043
6847
6973
6711
7025
6675
6465
6989
6971
6631
6666
7288
7019
7460
7422
6554
6735
7275
7389
6622
6896
7188
6318
6386
6692
7086
6887
6605
6431
6859
7118
6622
6642
7143
7172
7648
6967
6536
7572
6934
6561
7243
7073
7415
6860
7154
6915
6375
7186
6818
7067
6325
7067
6716
6567
6825
6290
8123
6648
6952
6812
6364
6507
6795
6664
6902
6871
6554
6428
6159
7577
6558
6578
7466
7116
6703
6965
6606
6591
6595
6766
6558
6996
6620
7065
7427
6762
7588
6505
6817
7164
6623
7023
7070
6851
6883
6215
6848
7029
7115
7459
6550
6944
7446
7173
7479
6721
6678
6846
6786
7299
6776
6649
6459
6804
7052
7679
6574
6437
7196
6463
6260
8346
6888
6960
7113
6715
7145
6986
6876
6857
6578
7133
6642
6462
6886
6471
7100
6494
7285
6740
7689
6436
7400
6680
7188
6563
6508
7078
7121
6678
6346
6732
6869
6534
7468
7240
6746
6400
6787
6893
7985
7102
7009
7212
6657
6484
7118
7297
6739
7227
7450
6601
7068
6763
7286
7030
6874
7346
7016
6798
6943
6779
6941
8273
7273
6631
6664
6806
7104
6349
6660
6500
6411
6884
7857
7334
6745
6675
8245
7636
6958
6994
7346
6918
7073
7016
7246
6245
6802
7360
7141
6760
6604
6521
6611
6854
7360
6544
6529
6688
6583
6902
6910
7110
6691
6786
7980
6614
6911
7217
6285
7604
6862
6441
7016
6631
6693
7118
6233
7234
7242
6736
6414
7352
6923
6361
6824
6545
6631
7175
6835
6663
6546
6425
6629
6724
6761
6823
6346
8534
7363
7181
6611
7057
6572
7048
6325
6657
7535
6647
7269
6518
6537
6539
6503
6711
6829
6702
6502
6599
6465
6338
6127
6562
7712
6856
7164
6913
7450
8386
7062
6895
7091
6580
6719
6328
6722
6733
7286
6463
6639
7119
6818
6598
6404
6878
6634
6731
6733
7190
6737
6689
6717
6235
6710
7015
6503
6847
6871
6013
7157
6524
7757
6599
7122
7539
6636
6813
6749
6705
6715
7674
6825
7107
6681
6904
6646
6800
7269
7152
6304
6853
6506
7329
7076
7067
6941
7681
6637
7741
7118
6455
6676
7173
6994
7039
7289
7394
6902
6975
6662
6880
6489
7264
6829
7071
7225
6411
6715
6913
7388
6608
6946
7133
6685
6191
7459
6943
6982
6791
6496
7947
7618
6647
6363
6496
7036
6965
6697
6875
6723
6403
7053
6381
8655
7349
8010
6686
6768
6476
6708
6736
6892
7049
7042
6991
6290
6717
7050
7181
7041
6524
6739
6490
7346
6823
6631
6865
6483
6743
7043
7585
7063
6875
6797
7017
6887
7848
6386
6885
6784
6401
6886
7033
6467
6438
6994
7654
6496
6921
6420
7094
7207
6613
6921
6761
6551
6530
6896
6879
6770
6506
6748
7347
6252
7008
6675
6938
6467
6744
6941
7112
8227
7006
6930
7394
6424
6341
